

('SWEEP', '10', '10', '1', '00000408')
('115200', '1', '1', '00', '5050')
05
01
(65, 44)
(0, [85, 202.0625])
(1, [75, 205.25])
(2, [68, 208.4375])
(3, [58, 211.625])
(4, [60, 214.5])
(5, [61, 217.5])
(6, [62, 220.3125])
(7, [71, 222.375])
(8, [101, 225.5])
(9, [96, 230.625])
(10, [195, 243.125])
(11, [167, 245.875])
(12, [168, 248.9375])
(13, [185, 251.9375])
(14, [186, 254.5])
(15, [253, 257.5625])
(16, [329, 260.5625])
(17, [312, 263.625])
(18, [314, 266.75])
(19, [307, 269.625])
(20, [302, 272.9375])
(21, [310, 275.8125])
(22, [285, 278.75])
(23, [273, 282.0])
(24, [272, 284.9375])
(25, [288, 288.1875])
(26, [272, 290.9375])
(27, [279, 294.0])
(28, [233, 303.6875])
(29, [311, 306.75])
(30, [312, 309.5])
(31, [345, 319.625])
(32, [419, 323.1875])
(33, [432, 331.875])
(34, [328, 334.75])
(35, [314, 337.5])
(36, [308, 340.0])
(37, [299, 343.125])
(38, [288, 345.625])
(39, [246, 348.375])
(40, [245, 350.9375])
(41, [276, 354.0])
(42, [180, 356.875])
(43, [149, 359.625])
(44, [154, 2.5])
(45, [181, 5.0625])
(46, [170, 8.5])
(47, [40, 21.125])
(48, [28, 32.6875])
(49, [29, 36.125])
(50, [37, 44.125])
(51, [37, 47.1875])
(52, [43, 50.8125])
(53, [24, 54.1875])
(54, [44, 67.1875])
(55, [30, 79.9375])
(56, [5, 92.9375])
(57, [8, 105.6875])
(58, [10, 114.1875])
(59, [28, 126.875])
(60, [58, 140.25])
(61, [67, 147.8125])
(62, [82, 150.375])
(63, [92, 153.3125])
(64, [102, 156.0625])


(82, 59)
(0, [62, 147.125])
(1, [81, 150.0])
(2, [83, 153.125])
(3, [97, 156.0625])
(4, [100, 159.125])
(5, [136, 168.9375])
(6, [119, 171.5])
(7, [124, 174.0625])
(8, [114, 176.6875])
(9, [111, 178.125])
(10, [117, 180.875])
(11, [110, 183.875])
(12, [95, 186.8125])
(13, [96, 189.4375])
(14, [100, 192.25])
(15, [87, 195.1875])
(16, [91, 199.75])
(17, [80, 203.125])
(18, [78, 205.8125])
(19, [70, 209.0625])
(20, [63, 211.9375])
(21, [62, 214.8125])
(22, [64, 218.0])
(23, [63, 220.6875])
(24, [68, 222.1875])
(25, [94, 225.25])
(26, [101, 236.3125])
(27, [192, 245.75])
(28, [167, 248.8125])
(29, [184, 251.6875])
(30, [188, 254.4375])
(31, [239, 257.5])
(32, [323, 260.375])
(33, [313, 263.125])
(34, [316, 266.1875])
(35, [301, 269.25])
(36, [300, 272.0])
(37, [322, 275.0625])
(38, [297, 277.625])
(39, [277, 280.6875])
(40, [274, 283.25])
(41, [274, 286.0])
(42, [279, 292.9375])
(43, [278, 296.5625])
(44, [248, 306.25])
(45, [315, 309.3125])
(46, [350, 318.875])
(47, [427, 327.4375])
(48, [447, 330.3125])
(49, [330, 333.1875])
(50, [316, 336.25])
(51, [309, 339.375])
(52, [306, 342.4375])
(53, [294, 345.125])
(54, [252, 347.6875])
(55, [245, 350.25])
(56, [271, 353.3125])
(57, [218, 356.375])
(58, [153, 358.9375])
(59, [153, 1.8125])
(60, [168, 4.375])
(61, [174, 6.9375])
(62, [38, 19.25])
(63, [28, 31.4375])
(64, [29, 34.875])
(65, [35, 42.9375])
(66, [35, 46.0625])
(67, [30, 48.9375])
(68, [39, 52.5625])
(69, [33, 65.3125])
(70, [33, 78.0625])
(71, [25, 90.875])
(72, [5, 103.6875])
(73, [8, 113.1875])
(74, [7, 117.0625])
(75, [9, 129.4375])
(76, [61, 142.625])
(77, [67, 145.5625])
(78, [78, 148.625])
(79, [85, 151.25])
(80, [94, 154.3125])
(81, [99, 157.0625])


(83, 68)
(0, [14, 109.125])
(1, [8, 116.25])
(2, [30, 128.9375])
(3, [52, 142.125])
(4, [58, 145.1875])
(5, [78, 148.125])
(6, [84, 150.875])
(7, [93, 153.8125])
(8, [101, 156.5625])
(9, [100, 159.5])
(10, [139, 169.25])
(11, [118, 171.875])
(12, [123, 174.4375])
(13, [113, 176.125])
(14, [112, 178.625])
(15, [113, 181.25])
(16, [107, 184.25])
(17, [93, 186.75])
(18, [97, 189.1875])
(19, [100, 191.875])
(20, [92, 194.8125])
(21, [87, 198.875])
(22, [83, 202.25])
(23, [75, 204.875])
(24, [70, 208.0625])
(25, [62, 211.25])
(26, [57, 213.9375])
(27, [58, 216.75])
(28, [62, 219.4375])
(29, [68, 221.5])
(30, [88, 224.625])
(31, [101, 227.6875])
(32, [1, 240.4375])
(33, [202, 242.625])
(34, [171, 245.1875])
(35, [165, 247.875])
(36, [175, 250.4375])
(37, [185, 253.0])
(38, [199, 255.6875])
(39, [309, 258.5625])
(40, [324, 261.75])
(41, [310, 264.6875])
(42, [308, 267.5625])
(43, [303, 270.5])
(44, [306, 273.4375])
(45, [302, 276.5])
(46, [285, 279.4375])
(47, [276, 282.1875])
(48, [274, 284.75])
(49, [291, 287.5])
(50, [276, 290.0])
(51, [277, 293.0625])
(52, [269, 297.125])
(53, [263, 306.25])
(54, [317, 309.5])
(55, [350, 319.75])
(56, [419, 323.3125])
(57, [440, 331.1875])
(58, [329, 334.25])
(59, [323, 336.9375])
(60, [310, 339.5])
(61, [303, 342.0625])
(62, [301, 344.8125])
(63, [250, 347.5])
(64, [242, 350.0625])
(65, [272, 352.8125])
(66, [263, 355.6875])
(67, [152, 358.4375])
(68, [153, 1.3125])
(69, [160, 3.875])
(70, [190, 6.4375])
(71, [84, 19.0625])
(72, [25, 31.0])
(73, [29, 34.0625])
(74, [39, 42.4375])
(75, [30, 45.6875])
(76, [37, 49.0625])
(77, [30, 52.6875])
(78, [42, 65.4375])
(79, [23, 77.9375])
(80, [38, 90.875])
(81, [12, 103.625])
(82, [17, 113.375])


(81, 70)
(0, [37, 54.375])
(1, [59, 67.1875])
(2, [24, 79.9375])
(3, [29, 92.8125])
(4, [10, 105.5])
(5, [5, 114.0])
(6, [4, 126.75])
(7, [37, 139.5625])
(8, [66, 147.9375])
(9, [79, 151.0625])
(10, [94, 154.125])
(11, [102, 156.75])
(12, [103, 159.625])
(13, [142, 169.125])
(14, [120, 171.6875])
(15, [124, 174.25])
(16, [116, 176.8125])
(17, [112, 178.4375])
(18, [114, 181.4375])
(19, [107, 183.9375])
(20, [95, 186.875])
(21, [97, 189.5625])
(22, [96, 192.0])
(23, [92, 195.0])
(24, [88, 199.1875])
(25, [79, 201.875])
(26, [73, 204.6875])
(27, [73, 207.75])
(28, [66, 210.9375])
(29, [60, 213.75])
(30, [64, 216.625])
(31, [63, 219.25])
(32, [63, 221.6875])
(33, [96, 224.625])
(34, [97, 227.5625])
(35, [1, 240.4375])
(36, [201, 243.125])
(37, [171, 245.875])
(38, [169, 248.375])
(39, [180, 251.125])
(40, [183, 253.625])
(41, [210, 256.375])
(42, [327, 259.375])
(43, [317, 262.25])
(44, [309, 265.375])
(45, [309, 268.25])
(46, [303, 271.375])
(47, [323, 274.3125])
(48, [291, 277.375])
(49, [281, 280.5])
(50, [276, 283.0625])
(51, [273, 286.0])
(52, [287, 289.1875])
(53, [276, 292.25])
(54, [282, 295.625])
(55, [247, 305.25])
(56, [315, 308.625])
(57, [343, 318.1875])
(58, [431, 327.0625])
(59, [448, 330.125])
(60, [329, 333.1875])
(61, [319, 336.25])
(62, [310, 339.375])
(63, [303, 342.0625])
(64, [293, 345.125])
(65, [248, 347.6875])
(66, [244, 350.25])
(67, [272, 353.0])
(68, [227, 356.375])
(69, [149, 359.4375])
(70, [156, 2.375])
(71, [178, 5.0625])
(72, [173, 8.0])
(73, [14, 20.9375])
(74, [25, 32.0])
(75, [22, 35.125])
(76, [25, 38.5])
(77, [35, 41.5625])
(78, [25, 44.8125])
(79, [32, 47.5625])
(80, [39, 51.125])


(85, 82)
(0, [182, 7.125])
(1, [50, 19.9375])
(2, [32, 31.1875])
(3, [17, 34.25])
(4, [27, 37.6875])
(5, [28, 41.25])
(6, [40, 44.3125])
(7, [34, 47.1875])
(8, [38, 50.25])
(9, [30, 63.0625])
(10, [42, 75.6875])
(11, [24, 78.25])
(12, [9, 90.875])
(13, [14, 103.8125])
(14, [10, 113.1875])
(15, [10, 116.75])
(16, [5, 129.0625])
(17, [37, 141.9375])
(18, [59, 145.0625])
(19, [76, 147.9375])
(20, [86, 150.5625])
(21, [91, 153.3125])
(22, [104, 155.875])
(23, [107, 158.9375])
(24, [140, 168.5625])
(25, [121, 171.1875])
(26, [125, 173.75])
(27, [117, 176.3125])
(28, [113, 178.3125])
(29, [119, 180.75])
(30, [109, 183.25])
(31, [97, 185.875])
(32, [97, 188.875])
(33, [101, 191.375])
(34, [95, 194.0])
(35, [89, 198.3125])
(36, [83, 201.5])
(37, [77, 204.6875])
(38, [75, 207.5625])
(39, [63, 210.75])
(40, [63, 213.5625])
(41, [63, 216.25])
(42, [61, 219.0625])
(43, [65, 221.0])
(44, [82, 223.9375])
(45, [101, 227.0])
(46, [1, 239.9375])
(47, [213, 242.125])
(48, [171, 244.875])
(49, [164, 247.375])
(50, [176, 249.9375])
(51, [191, 252.4375])
(52, [189, 255.1875])
(53, [298, 258.1875])
(54, [327, 261.4375])
(55, [310, 264.3125])
(56, [311, 266.875])
(57, [307, 269.8125])
(58, [303, 272.9375])
(59, [306, 276.0])
(60, [287, 278.9375])
(61, [277, 281.875])
(62, [271, 284.4375])
(63, [280, 286.8125])
(64, [272, 289.6875])
(65, [280, 292.75])
(66, [282, 296.3125])
(67, [254, 306.4375])
(68, [323, 309.6875])
(69, [354, 320.75])
(70, [429, 324.3125])
(71, [412, 333.1875])
(72, [318, 336.25])
(73, [313, 339.0])
(74, [305, 341.75])
(75, [296, 344.3125])
(76, [266, 346.875])
(77, [243, 349.375])
(78, [261, 352.125])
(79, [275, 354.6875])
(80, [155, 357.25])
(81, [153, 359.8125])
(82, [155, 2.5])
(83, [180, 5.25])
(84, [169, 9.1875])


(85, 13)
(0, [340, 318.375])
(1, [437, 327.75])
(2, [439, 330.8125])
(3, [332, 333.875])
(4, [320, 336.8125])
(5, [311, 339.375])
(6, [299, 342.0625])
(7, [294, 344.625])
(8, [249, 347.375])
(9, [244, 349.9375])
(10, [272, 352.5])
(11, [276, 355.0])
(12, [154, 357.75])
(13, [151, 0.625])
(14, [158, 3.1875])
(15, [191, 5.75])
(16, [132, 16.3125])
(17, [30, 29.3125])
(18, [29, 37.6875])
(19, [28, 41.25])
(20, [35, 44.3125])
(21, [29, 47.375])
(22, [38, 50.4375])
(23, [30, 54.0])
(24, [43, 66.8125])
(25, [25, 79.625])
(26, [4, 92.8125])
(27, [17, 105.6875])
(28, [17, 114.5625])
(29, [5, 127.25])
(30, [57, 140.25])
(31, [69, 148.125])
(32, [81, 150.6875])
(33, [91, 153.8125])
(34, [100, 156.75])
(35, [108, 160.1875])
(36, [139, 169.4375])
(37, [120, 172.0])
(38, [120, 174.625])
(39, [115, 176.3125])
(40, [112, 178.9375])
(41, [112, 181.4375])
(42, [102, 184.375])
(43, [94, 187.375])
(44, [101, 189.875])
(45, [100, 192.375])
(46, [90, 195.3125])
(47, [91, 199.5625])
(48, [83, 202.375])
(49, [76, 205.4375])
(50, [70, 208.625])
(51, [57, 211.25])
(52, [58, 214.125])
(53, [66, 216.9375])
(54, [64, 220.0])
(55, [69, 222.375])
(56, [94, 225.5])
(57, [98, 229.4375])
(58, [211, 242.125])
(59, [179, 244.5])
(60, [165, 247.0625])
(61, [172, 249.75])
(62, [187, 252.625])
(63, [195, 255.3125])
(64, [300, 258.75])
(65, [319, 261.75])
(66, [306, 264.8125])
(67, [307, 267.9375])
(68, [307, 270.5])
(69, [306, 273.625])
(70, [295, 276.5])
(71, [281, 279.4375])
(72, [277, 282.0])
(73, [274, 285.125])
(74, [288, 288.1875])
(75, [280, 291.375])
(76, [274, 294.25])
(77, [230, 299.5])
(78, [232, 303.0625])
(79, [309, 305.625])
(80, [315, 308.8125])
(81, [342, 318.875])
(82, [436, 327.75])
(83, [424, 330.8125])
(84, [326, 334.0625])


(70, 23)
(0, [297, 271.375])
(1, [319, 274.3125])
(2, [287, 277.375])
(3, [277, 280.5])
(4, [273, 283.375])
(5, [275, 286.3125])
(6, [278, 293.5])
(7, [224, 303.0])
(8, [311, 306.0625])
(9, [320, 309.125])
(10, [346, 319.125])
(11, [437, 327.4375])
(12, [433, 331.0])
(13, [327, 334.0625])
(14, [319, 336.625])
(15, [309, 339.1875])
(16, [298, 341.875])
(17, [293, 344.4375])
(18, [256, 347.1875])
(19, [242, 349.75])
(20, [264, 352.5])
(21, [273, 355.375])
(22, [154, 358.125])
(23, [153, 0.6875])
(24, [153, 3.25])
(25, [188, 5.8125])
(26, [111, 18.1875])
(27, [32, 30.8125])
(28, [28, 33.9375])
(29, [30, 37.5])
(30, [29, 40.875])
(31, [33, 44.5])
(32, [32, 47.5625])
(33, [34, 50.9375])
(34, [39, 54.375])
(35, [47, 66.8125])
(36, [28, 79.25])
(37, [1, 92.25])
(38, [5, 105.1875])
(39, [8, 114.0])
(40, [14, 126.375])
(41, [45, 139.1875])
(42, [63, 147.625])
(43, [78, 150.6875])
(44, [89, 153.625])
(45, [101, 156.375])
(46, [111, 159.3125])
(47, [137, 165.5])
(48, [132, 168.0625])
(49, [117, 170.625])
(50, [123, 173.25])
(51, [115, 175.8125])
(52, [113, 177.4375])
(53, [115, 180.125])
(54, [114, 183.0625])
(55, [95, 186.0625])
(56, [97, 188.5625])
(57, [97, 191.5])
(58, [93, 194.0])
(59, [88, 198.125])
(60, [84, 201.3125])
(61, [75, 204.375])
(62, [74, 207.1875])
(63, [66, 210.375])
(64, [59, 213.5625])
(65, [63, 216.4375])
(66, [63, 219.625])
(67, [64, 221.5])
(68, [85, 224.625])
(69, [97, 227.6875])


(84, 39)
(0, [64, 216.625])
(1, [63, 219.25])
(2, [64, 221.1875])
(3, [87, 224.25])
(4, [102, 227.375])
(5, [1, 240.25])
(6, [207, 243.1875])
(7, [167, 246.0625])
(8, [171, 248.8125])
(9, [179, 251.875])
(10, [190, 254.4375])
(11, [241, 257.5])
(12, [325, 260.5625])
(13, [316, 263.125])
(14, [311, 266.1875])
(15, [307, 269.25])
(16, [294, 271.8125])
(17, [320, 274.875])
(18, [292, 277.625])
(19, [280, 280.6875])
(20, [274, 283.4375])
(21, [278, 286.5])
(22, [280, 293.5])
(23, [232, 303.6875])
(24, [314, 306.75])
(25, [314, 309.875])
(26, [350, 320.0625])
(27, [422, 323.5])
(28, [435, 331.5])
(29, [318, 334.5625])
(30, [318, 337.0625])
(31, [310, 339.8125])
(32, [306, 342.3125])
(33, [293, 345.0625])
(34, [253, 347.625])
(35, [241, 350.125])
(36, [268, 352.875])
(37, [234, 356.25])
(38, [152, 358.9375])
(39, [154, 1.6875])
(40, [166, 4.25])
(41, [179, 7.125])
(42, [43, 19.75])
(43, [20, 31.4375])
(44, [28, 34.875])
(45, [42, 42.75])
(46, [33, 46.0])
(47, [33, 49.0625])
(48, [33, 52.6875])
(49, [38, 65.4375])
(50, [25, 77.9375])
(51, [25, 90.875])
(52, [8, 103.9375])
(53, [8, 113.6875])
(54, [7, 117.25])
(55, [10, 129.9375])
(56, [65, 142.5625])
(57, [67, 145.625])
(58, [81, 148.6875])
(59, [84, 151.25])
(60, [97, 154.125])
(61, [99, 157.0625])
(62, [106, 160.1875])
(63, [136, 169.4375])
(64, [121, 172.0])
(65, [119, 174.625])
(66, [114, 176.3125])
(67, [111, 178.9375])
(68, [115, 181.4375])
(69, [101, 184.375])
(70, [92, 186.875])
(71, [97, 189.5625])
(72, [96, 192.1875])
(73, [89, 195.0])
(74, [86, 199.1875])
(75, [84, 202.375])
(76, [75, 205.0625])
(77, [74, 208.25])
(78, [58, 211.4375])
(79, [60, 214.625])
(80, [66, 217.8125])
(81, [62, 220.5])
(82, [72, 222.5625])
(83, [102, 225.5])


(80, 55)
(0, [115, 176.125])
(1, [114, 177.8125])
(2, [120, 180.4375])
(3, [108, 183.25])
(4, [95, 186.25])
(5, [96, 188.875])
(6, [101, 191.875])
(7, [94, 194.3125])
(8, [90, 198.3125])
(9, [92, 201.5])
(10, [80, 204.6875])
(11, [68, 207.875])
(12, [65, 211.125])
(13, [67, 213.9375])
(14, [61, 216.625])
(15, [61, 219.4375])
(16, [66, 221.375])
(17, [88, 224.625])
(18, [99, 227.5625])
(19, [1, 240.4375])
(20, [202, 242.625])
(21, [167, 245.1875])
(22, [167, 247.875])
(23, [181, 250.4375])
(24, [186, 253.0])
(25, [200, 255.5])
(26, [321, 258.5625])
(27, [320, 261.625])
(28, [310, 264.6875])
(29, [312, 267.75])
(30, [308, 270.6875])
(31, [310, 273.75])
(32, [297, 276.6875])
(33, [284, 279.8125])
(34, [278, 282.375])
(35, [273, 284.9375])
(36, [287, 288.1875])
(37, [280, 291.1875])
(38, [274, 293.9375])
(39, [225, 303.0625])
(40, [311, 306.125])
(41, [320, 309.5])
(42, [346, 319.5625])
(43, [445, 328.0625])
(44, [416, 331.6875])
(45, [325, 334.5625])
(46, [319, 337.25])
(47, [308, 339.8125])
(48, [304, 342.3125])
(49, [294, 345.0625])
(50, [248, 347.75])
(51, [243, 350.5])
(52, [276, 353.1875])
(53, [221, 356.25])
(54, [151, 358.8125])
(55, [153, 1.6875])
(56, [166, 4.375])
(57, [182, 6.9375])
(58, [65, 19.75])
(59, [24, 31.375])
(60, [28, 34.4375])
(61, [30, 38.3125])
(62, [33, 41.75])
(63, [38, 45.0])
(64, [40, 47.875])
(65, [34, 50.9375])
(66, [33, 63.9375])
(67, [35, 76.375])
(68, [23, 79.4375])
(69, [8, 92.4375])
(70, [22, 105.3125])
(71, [12, 114.1875])
(72, [12, 127.0625])
(73, [48, 140.25])
(74, [69, 147.8125])
(75, [86, 150.375])
(76, [84, 153.3125])
(77, [103, 156.0625])
(78, [103, 158.9375])
(79, [139, 168.9375])


(80, 62)
(0, [63, 136.4375])
(1, [65, 146.9375])
(2, [83, 150.0])
(3, [83, 153.125])
(4, [99, 155.5])
(5, [103, 158.5625])
(6, [135, 168.3125])
(7, [115, 171.0])
(8, [123, 173.5625])
(9, [116, 176.3125])
(10, [112, 178.125])
(11, [116, 180.75])
(12, [110, 183.25])
(13, [97, 186.25])
(14, [96, 188.875])
(15, [99, 191.375])
(16, [93, 194.3125])
(17, [91, 198.5])
(18, [83, 201.5])
(19, [79, 204.6875])
(20, [78, 208.0625])
(21, [65, 211.125])
(22, [56, 214.3125])
(23, [60, 217.125])
(24, [63, 220.125])
(25, [71, 222.1875])
(26, [94, 225.125])
(27, [99, 228.25])
(28, [1, 240.9375])
(29, [191, 243.5])
(30, [171, 246.25])
(31, [171, 248.8125])
(32, [184, 251.875])
(33, [189, 254.4375])
(34, [248, 257.5])
(35, [327, 260.5625])
(36, [316, 263.3125])
(37, [311, 266.0])
(38, [308, 268.9375])
(39, [294, 272.0])
(40, [323, 274.6875])
(41, [288, 277.625])
(42, [280, 280.6875])
(43, [273, 283.4375])
(44, [271, 286.0])
(45, [282, 292.9375])
(46, [277, 296.5625])
(47, [254, 306.25])
(48, [312, 309.3125])
(49, [342, 319.375])
(50, [440, 328.25])
(51, [401, 331.8125])
(52, [319, 335.0625])
(53, [319, 338.125])
(54, [307, 340.625])
(55, [302, 343.375])
(56, [285, 345.875])
(57, [247, 348.4375])
(58, [249, 351.0])
(59, [277, 353.6875])
(60, [193, 356.75])
(61, [149, 359.4375])
(62, [153, 2.1875])
(63, [181, 4.9375])
(64, [171, 7.8125])
(65, [43, 20.625])
(66, [24, 31.9375])
(67, [27, 35.375])
(68, [34, 43.4375])
(69, [42, 46.6875])
(70, [29, 49.75])
(71, [30, 53.375])
(72, [48, 66.125])
(73, [18, 78.9375])
(74, [8, 91.375])
(75, [10, 104.1875])
(76, [9, 113.5])
(77, [7, 118.25])
(78, [55, 130.9375])
(79, [54, 144.1875])


