

Version :('SWEEP', '01', '01', '1', '00000408')
Device Info : ('115200', '1', '1', '0', '05', '0500')
LIDAR Set Sample Rates Status : 00
Motor Speed : 05
LIDAR Sample Rate : 01
Samples : 94  Zero Index : 49
(0, [63, 154.5])
(1, [57, 166.875])
(2, [43, 178.75])
(3, [97, 190.375])
(4, [84, 192.8125])
(5, [85, 195.5])
(6, [105, 199.75])
(7, [90, 203.0])
(8, [58, 213.1875])
(9, [64, 216.75])
(10, [64, 220.5])
(11, [62, 222.75])
(12, [73, 226.1875])
(13, [73, 230.3125])
(14, [94, 242.8125])
(15, [108, 245.5625])
(16, [111, 248.125])
(17, [113, 250.6875])
(18, [119, 253.375])
(19, [123, 256.125])
(20, [133, 258.6875])
(21, [139, 261.4375])
(22, [234, 264.5])
(23, [226, 267.0625])
(24, [218, 269.75])
(25, [197, 272.3125])
(26, [121, 275.75])
(27, [82, 278.4375])
(28, [85, 281.0])
(29, [94, 289.25])
(30, [65, 291.625])
(31, [67, 294.375])
(32, [64, 296.8125])
(33, [66, 299.5625])
(34, [69, 302.125])
(35, [70, 304.6875])
(36, [106, 314.9375])
(37, [92, 327.4375])
(38, [173, 333.5625])
(39, [178, 336.125])
(40, [347, 338.8125])
(41, [334, 341.375])
(42, [333, 344.125])
(43, [337, 346.6875])
(44, [324, 349.25])
(45, [318, 351.9375])
(46, [316, 354.1875])
(47, [308, 356.75])
(48, [285, 359.3125])
(49, [284, 1.6875])
(50, [280, 4.25])
(51, [284, 6.3125])
(52, [283, 8.5625])
(53, [282, 10.625])
(54, [281, 12.875])
(55, [284, 15.4375])
(56, [284, 18.0])
(57, [288, 20.625])
(58, [172, 24.375])
(59, [163, 27.75])
(60, [151, 30.0])
(61, [138, 32.1875])
(62, [137, 34.4375])
(63, [236, 38.0])
(64, [373, 40.5625])
(65, [387, 43.3125])
(66, [422, 46.0625])
(67, [446, 48.625])
(68, [466, 51.1875])
(69, [454, 53.75])
(70, [343, 56.375])
(71, [332, 58.9375])
(72, [324, 61.5])
(73, [314, 64.0625])
(74, [306, 66.5])
(75, [289, 69.1875])
(76, [248, 71.75])
(77, [248, 74.3125])
(78, [282, 76.5625])
(79, [276, 78.75])
(80, [252, 81.5])
(81, [185, 84.0625])
(82, [189, 86.75])
(83, [56, 99.3125])
(84, [42, 112.0])
(85, [180, 117.8125])
(86, [197, 120.0])
(87, [203, 122.25])
(88, [185, 124.4375])
(89, [176, 126.6875])
(90, [190, 128.875])
(91, [145, 131.625])
(92, [103, 134.375])
(93, [57, 143.125])


Distance Min :[42, 112.0]
Angle    Min :[284, 1.6875]


Samples : 99  Zero Index : 43
(0, [87, 202.0625])
(1, [58, 213.6875])
(2, [60, 217.3125])
(3, [60, 220.5])
(4, [60, 222.75])
(5, [65, 231.6875])
(6, [94, 244.1875])
(7, [108, 246.875])
(8, [109, 249.4375])
(9, [116, 252.4375])
(10, [122, 255.1875])
(11, [120, 257.6875])
(12, [137, 260.25])
(13, [178, 262.9375])
(14, [263, 265.875])
(15, [229, 268.9375])
(16, [195, 271.5625])
(17, [206, 274.125])
(18, [82, 276.6875])
(19, [79, 279.25])
(20, [79, 281.875])
(21, [90, 288.1875])
(22, [68, 290.9375])
(23, [62, 293.5])
(24, [61, 296.0])
(25, [62, 298.75])
(26, [61, 301.5])
(27, [67, 304.0625])
(28, [76, 309.5])
(29, [71, 322.25])
(30, [84, 325.3125])
(31, [85, 327.9375])
(32, [168, 333.375])
(33, [178, 335.9375])
(34, [348, 338.6875])
(35, [335, 341.25])
(36, [332, 343.75])
(37, [336, 346.5])
(38, [322, 348.75])
(39, [318, 351.25])
(40, [317, 353.8125])
(41, [313, 356.375])
(42, [283, 358.625])
(43, [281, 1.0])
(44, [282, 3.1875])
(45, [282, 5.4375])
(46, [283, 7.625])
(47, [281, 10.1875])
(48, [282, 12.4375])
(49, [283, 15.0])
(50, [284, 17.1875])
(51, [288, 19.4375])
(52, [222, 22.625])
(53, [155, 25.375])
(54, [149, 31.1875])
(55, [137, 33.75])
(56, [139, 35.9375])
(57, [324, 38.6875])
(58, [394, 41.25])
(59, [396, 43.8125])
(60, [423, 46.375])
(61, [448, 48.9375])
(62, [463, 51.625])
(63, [446, 54.375])
(64, [337, 56.9375])
(65, [328, 59.5])
(66, [322, 61.6875])
(67, [313, 63.9375])
(68, [306, 66.8125])
(69, [285, 69.4375])
(70, [250, 72.0])
(71, [251, 74.5625])
(72, [280, 76.625])
(73, [276, 78.875])
(74, [250, 81.4375])
(75, [190, 84.0])
(76, [188, 86.625])
(77, [86, 90.1875])
(78, [25, 102.9375])
(79, [172, 115.0625])
(80, [185, 117.25])
(81, [196, 119.4375])
(82, [202, 122.0])
(83, [182, 124.1875])
(84, [177, 126.75])
(85, [189, 129.4375])
(86, [131, 132.5])
(87, [100, 135.0625])
(88, [53, 146.375])
(89, [76, 158.8125])
(90, [50, 171.6875])
(91, [23, 183.4375])
(92, [91, 190.1875])
(93, [84, 193.1875])
(94, [91, 195.8125])
(95, [100, 199.9375])
(96, [79, 204.875])
(97, [61, 213.9375])
(98, [56, 217.125])


Distance Min :[23, 183.4375]
Angle    Min :[281, 1.0]


Samples : 92  Zero Index : 35
(0, [93, 245.0625])
(1, [109, 247.75])
(2, [112, 250.8125])
(3, [119, 253.375])
(4, [129, 255.9375])
(5, [128, 259.0])
(6, [140, 261.5625])
(7, [255, 265.0])
(8, [232, 267.5625])
(9, [211, 270.1875])
(10, [197, 272.5625])
(11, [149, 275.6875])
(12, [80, 278.25])
(13, [82, 280.8125])
(14, [92, 285.125])
(15, [88, 287.5])
(16, [73, 290.0625])
(17, [63, 292.8125])
(18, [65, 295.5])
(19, [64, 298.0625])
(20, [63, 300.8125])
(21, [64, 303.375])
(22, [70, 306.0625])
(23, [111, 318.5625])
(24, [88, 328.25])
(25, [176, 334.0625])
(26, [182, 336.8125])
(27, [343, 339.375])
(28, [330, 341.875])
(29, [331, 345.0])
(30, [334, 347.6875])
(31, [321, 350.4375])
(32, [315, 353.0])
(33, [314, 355.5625])
(34, [290, 358.125])
(35, [282, 0.6875])
(36, [283, 3.25])
(37, [283, 5.8125])
(38, [283, 8.375])
(39, [283, 11.0])
(40, [282, 13.5625])
(41, [283, 16.125])
(42, [285, 18.6875])
(43, [258, 21.625])
(44, [159, 28.875])
(45, [145, 31.4375])
(46, [140, 34.0])
(47, [142, 36.5625])
(48, [330, 39.1875])
(49, [401, 41.75])
(50, [398, 44.125])
(51, [427, 46.6875])
(52, [451, 49.4375])
(53, [459, 52.125])
(54, [410, 54.875])
(55, [334, 57.4375])
(56, [329, 59.6875])
(57, [322, 61.875])
(58, [313, 64.0625])
(59, [305, 66.5])
(60, [293, 69.0625])
(61, [251, 71.625])
(62, [248, 74.25])
(63, [281, 76.8125])
(64, [278, 78.875])
(65, [254, 81.4375])
(66, [189, 84.0])
(67, [188, 86.625])
(68, [62, 99.125])
(69, [29, 102.25])
(70, [176, 114.6875])
(71, [187, 117.25])
(72, [195, 119.625])
(73, [203, 122.125])
(74, [185, 124.375])
(75, [176, 126.5625])
(76, [191, 128.75])
(77, [142, 131.4375])
(78, [102, 134.375])
(79, [59, 144.5])
(80, [76, 157.625])
(81, [51, 170.625])
(82, [38, 182.1875])
(83, [93, 190.25])
(84, [86, 192.6875])
(85, [88, 195.3125])
(86, [103, 199.9375])
(87, [85, 204.9375])
(88, [57, 214.0625])
(89, [61, 221.1875])
(90, [65, 224.625])
(91, [71, 228.0625])


Distance Min :[29, 102.25]
Angle    Min :[282, 0.6875]


Samples : 103  Zero Index : 33
(0, [106, 246.5625])
(1, [114, 249.125])
(2, [117, 251.875])
(3, [123, 254.4375])
(4, [126, 257.125])
(5, [135, 259.6875])
(6, [150, 262.25])
(7, [281, 265.1875])
(8, [234, 268.25])
(9, [79, 275.0])
(10, [85, 277.5625])
(11, [85, 280.125])
(12, [184, 286.625])
(13, [80, 289.1875])
(14, [66, 291.9375])
(15, [63, 294.5])
(16, [63, 297.0625])
(17, [64, 299.8125])
(18, [65, 302.5])
(19, [69, 305.0625])
(20, [100, 317.875])
(21, [84, 328.0625])
(22, [175, 333.875])
(23, [179, 336.625])
(24, [349, 339.375])
(25, [332, 341.875])
(26, [328, 345.0])
(27, [333, 347.5])
(28, [323, 350.25])
(29, [315, 352.8125])
(30, [314, 355.0])
(31, [297, 357.5625])
(32, [285, 359.8125])
(33, [285, 2.0625])
(34, [281, 4.25])
(35, [283, 6.875])
(36, [283, 9.4375])
(37, [283, 12.0])
(38, [283, 14.5625])
(39, [285, 17.1875])
(40, [285, 19.75])
(41, [200, 23.1875])
(42, [156, 25.75])
(43, [156, 28.875])
(44, [144, 31.4375])
(45, [139, 34.0])
(46, [141, 36.5625])
(47, [332, 39.1875])
(48, [401, 42.0625])
(49, [401, 44.5])
(50, [430, 47.0625])
(51, [460, 49.75])
(52, [461, 52.5])
(53, [392, 55.375])
(54, [331, 57.9375])
(55, [326, 60.6875])
(56, [315, 62.875])
(57, [309, 65.4375])
(58, [303, 68.0])
(59, [256, 70.25])
(60, [253, 72.4375])
(61, [265, 74.6875])
(62, [279, 76.875])
(63, [276, 79.125])
(64, [253, 81.8125])
(65, [183, 84.375])
(66, [185, 86.625])
(67, [57, 99.5625])
(68, [35, 107.6875])
(69, [182, 117.4375])
(70, [197, 119.625])
(71, [205, 122.3125])
(72, [183, 124.875])
(73, [171, 127.375])
(74, [184, 129.9375])
(75, [117, 133.0])
(76, [101, 135.5625])
(77, [48, 147.125])
(78, [81, 160.0])
(79, [49, 172.5625])
(80, [37, 184.25])
(81, [103, 186.75])
(82, [84, 189.6875])
(83, [92, 192.6875])
(84, [77, 195.1875])
(85, [106, 199.5625])
(86, [83, 202.25])
(87, [66, 213.5])
(88, [65, 220.5])
(89, [66, 223.9375])
(90, [76, 234.0625])
(91, [100, 245.1875])
(92, [110, 248.125])
(93, [115, 250.6875])
(94, [117, 253.375])
(95, [121, 256.4375])
(96, [129, 259.0])
(97, [138, 261.5625])
(98, [253, 264.8125])
(99, [221, 267.75])
(100, [194, 271.3125])
(101, [72, 274.0])
(102, [76, 276.5625])


Distance Min :[35, 107.6875]
Angle    Min :[285, 2.0625]


Samples : 86  Zero Index : 24
(0, [156, 270.625])
(1, [78, 273.1875])
(2, [73, 275.9375])
(3, [273, 279.8125])
(4, [299, 282.875])
(5, [87, 289.5625])
(6, [63, 292.125])
(7, [62, 294.8125])
(8, [63, 297.5625])
(9, [65, 300.125])
(10, [66, 302.875])
(11, [68, 305.4375])
(12, [116, 317.6875])
(13, [83, 327.9375])
(14, [176, 333.875])
(15, [177, 336.4375])
(16, [347, 339.1875])
(17, [329, 341.75])
(18, [331, 344.8125])
(19, [336, 347.375])
(20, [320, 349.5625])
(21, [316, 352.125])
(22, [314, 354.875])
(23, [298, 357.5625])
(24, [284, 0.3125])
(25, [283, 2.375])
(26, [279, 4.625])
(27, [283, 7.1875])
(28, [283, 9.75])
(29, [283, 12.375])
(30, [283, 14.9375])
(31, [285, 17.5])
(32, [287, 20.0625])
(33, [187, 23.3125])
(34, [158, 26.0625])
(35, [152, 28.8125])
(36, [145, 31.375])
(37, [139, 33.5625])
(38, [139, 35.8125])
(39, [320, 38.3125])
(40, [395, 41.0625])
(41, [393, 43.8125])
(42, [423, 46.375])
(43, [446, 49.0625])
(44, [465, 51.625])
(45, [445, 54.375])
(46, [337, 56.9375])
(47, [327, 59.5])
(48, [319, 61.6875])
(49, [313, 64.25])
(50, [304, 67.0])
(51, [277, 69.5625])
(52, [251, 71.75])
(53, [250, 74.0])
(54, [283, 76.1875])
(55, [278, 78.4375])
(56, [256, 81.0])
(57, [194, 83.6875])
(58, [188, 86.25])
(59, [94, 89.875])
(60, [42, 102.875])
(61, [165, 115.375])
(62, [186, 117.9375])
(63, [195, 120.125])
(64, [195, 122.3125])
(65, [181, 124.5])
(66, [166, 127.25])
(67, [185, 129.75])
(68, [121, 132.8125])
(69, [99, 135.4375])
(70, [51, 146.9375])
(71, [78, 160.0625])
(72, [51, 172.5])
(73, [28, 183.75])
(74, [91, 190.1875])
(75, [84, 193.1875])
(76, [95, 195.8125])
(77, [104, 200.125])
(78, [86, 204.5625])
(79, [58, 213.75])
(80, [59, 217.5])
(81, [62, 220.125])
(82, [63, 223.25])
(83, [69, 226.1875])
(84, [79, 238.6875])
(85, [102, 246.5625])


Distance Min :[28, 183.75]
Angle    Min :[284, 0.3125]


Samples : 97  Zero Index : 12
(0, [93, 324.1875])
(1, [127, 331.875])
(2, [176, 334.375])
(3, [272, 338.3125])
(4, [331, 340.875])
(5, [331, 343.625])
(6, [334, 346.1875])
(7, [322, 348.375])
(8, [318, 350.9375])
(9, [316, 353.6875])
(10, [312, 356.375])
(11, [282, 358.9375])
(12, [282, 1.1875])
(13, [279, 3.375])
(14, [282, 5.625])
(15, [281, 7.8125])
(16, [283, 10.0])
(17, [282, 12.0625])
(18, [284, 14.3125])
(19, [284, 16.5])
(20, [287, 18.75])
(21, [245, 21.8125])
(22, [156, 29.0])
(23, [140, 31.75])
(24, [138, 34.375])
(25, [147, 36.9375])
(26, [334, 39.3125])
(27, [400, 41.9375])
(28, [403, 44.5])
(29, [431, 47.0625])
(30, [453, 49.75])
(31, [465, 52.3125])
(32, [396, 55.0625])
(33, [334, 57.625])
(34, [331, 60.1875])
(35, [320, 62.75])
(36, [309, 65.4375])
(37, [303, 67.6875])
(38, [260, 69.875])
(39, [253, 72.125])
(40, [257, 74.3125])
(41, [283, 76.5625])
(42, [278, 78.75])
(43, [253, 81.3125])
(44, [185, 84.0625])
(45, [187, 86.625])
(46, [58, 99.5])
(47, [40, 108.75])
(48, [183, 117.3125])
(49, [197, 120.0])
(50, [201, 122.5625])
(51, [182, 124.8125])
(52, [166, 127.5625])
(53, [182, 130.0625])
(54, [117, 133.1875])
(55, [106, 135.75])
(56, [49, 145.5625])
(57, [89, 158.4375])
(58, [42, 171.1875])
(59, [33, 182.9375])
(60, [91, 190.1875])
(61, [76, 193.1875])
(62, [95, 195.8125])
(63, [97, 200.3125])
(64, [87, 205.8125])
(65, [60, 214.625])
(66, [60, 221.5])
(67, [66, 224.9375])
(68, [71, 228.375])
(69, [79, 241.3125])
(70, [93, 244.0])
(71, [110, 246.75])
(72, [113, 249.3125])
(73, [114, 251.875])
(74, [123, 254.5625])
(75, [121, 257.6875])
(76, [136, 260.1875])
(77, [157, 262.75])
(78, [280, 265.5])
(79, [234, 268.5625])
(80, [78, 274.6875])
(81, [80, 277.25])
(82, [240, 282.5625])
(83, [89, 289.1875])
(84, [64, 291.75])
(85, [61, 294.5])
(86, [62, 297.0625])
(87, [65, 299.25])
(88, [66, 301.8125])
(89, [66, 304.5625])
(90, [86, 317.625])
(91, [85, 328.0625])
(92, [173, 333.5625])
(93, [177, 336.25])
(94, [351, 338.8125])
(95, [333, 341.5625])
(96, [332, 344.4375])


Distance Min :[33, 182.9375]
Angle    Min :[282, 1.1875]


Samples : 97  Zero Index : 20
(0, [73, 290.5625])
(1, [64, 293.3125])
(2, [61, 295.875])
(3, [63, 298.4375])
(4, [67, 301.0])
(5, [64, 303.6875])
(6, [82, 307.125])
(7, [98, 319.75])
(8, [86, 328.4375])
(9, [175, 331.3125])
(10, [176, 333.875])
(11, [179, 336.625])
(12, [345, 339.1875])
(13, [331, 341.875])
(14, [330, 345.0])
(15, [333, 347.5])
(16, [322, 350.25])
(17, [317, 353.0])
(18, [316, 355.5625])
(19, [288, 358.25])
(20, [283, 1.0])
(21, [281, 3.0625])
(22, [281, 5.625])
(23, [285, 8.25])
(24, [282, 10.8125])
(25, [283, 13.1875])
(26, [285, 15.8125])
(27, [286, 18.5625])
(28, [287, 21.125])
(29, [160, 28.4375])
(30, [147, 31.0])
(31, [138, 33.25])
(32, [138, 35.4375])
(33, [362, 42.4375])
(34, [413, 45.1875])
(35, [441, 47.875])
(36, [459, 50.4375])
(37, [457, 53.1875])
(38, [356, 55.75])
(39, [331, 58.3125])
(40, [328, 61.0])
(41, [315, 63.0625])
(42, [310, 65.8125])
(43, [301, 68.5625])
(44, [254, 71.125])
(45, [249, 73.875])
(46, [284, 76.4375])
(47, [280, 79.0625])
(48, [255, 81.4375])
(49, [189, 84.1875])
(50, [184, 86.75])
(51, [86, 90.1875])
(52, [34, 103.25])
(53, [172, 115.5625])
(54, [185, 117.75])
(55, [194, 119.9375])
(56, [201, 122.5])
(57, [179, 125.1875])
(58, [172, 127.75])
(59, [169, 130.4375])
(60, [112, 133.5])
(61, [95, 137.3125])
(62, [47, 140.0625])
(63, [37, 147.4375])
(64, [73, 160.5625])
(65, [38, 172.6875])
(66, [35, 184.1875])
(67, [104, 186.625])
(68, [87, 189.625])
(69, [88, 192.5625])
(70, [80, 195.0])
(71, [107, 199.5625])
(72, [89, 202.25])
(73, [56, 213.875])
(74, [62, 217.4375])
(75, [63, 220.6875])
(76, [66, 222.875])
(77, [69, 226.5])
(78, [79, 239.375])
(79, [101, 246.75])
(80, [110, 249.3125])
(81, [110, 251.875])
(82, [119, 254.5625])
(83, [127, 257.125])
(84, [131, 259.875])
(85, [153, 262.4375])
(86, [281, 265.375])
(87, [232, 268.4375])
(88, [81, 274.4375])
(89, [75, 277.0625])
(90, [241, 282.1875])
(91, [90, 289.5625])
(92, [62, 292.25])
(93, [62, 295.0])
(94, [60, 297.75])
(95, [66, 300.3125])
(96, [65, 302.875])


Distance Min :[34, 103.25]
Angle    Min :[283, 1.0]


Samples : 98  Zero Index : 22
(0, [76, 274.4375])
(1, [75, 277.0625])
(2, [155, 288.875])
(3, [67, 291.4375])
(4, [61, 294.0])
(5, [60, 296.5625])
(6, [62, 299.25])
(7, [64, 301.5])
(8, [63, 304.0625])
(9, [90, 312.0625])
(10, [88, 324.875])
(11, [85, 327.9375])
(12, [174, 333.75])
(13, [179, 336.25])
(14, [346, 339.0])
(15, [331, 341.5625])
(16, [330, 344.625])
(17, [332, 347.375])
(18, [317, 349.9375])
(19, [316, 352.625])
(20, [313, 355.1875])
(21, [291, 357.9375])
(22, [283, 0.625])
(23, [282, 3.1875])
(24, [282, 5.75])
(25, [283, 8.0])
(26, [283, 10.1875])
(27, [282, 12.4375])
(28, [283, 14.625])
(29, [285, 16.875])
(30, [286, 19.0625])
(31, [219, 22.8125])
(32, [156, 25.4375])
(33, [152, 31.0625])
(34, [137, 33.125])
(35, [137, 35.375])
(36, [300, 38.8125])
(37, [397, 41.375])
(38, [392, 44.0])
(39, [422, 46.1875])
(40, [449, 48.9375])
(41, [464, 51.5])
(42, [450, 53.6875])
(43, [342, 56.4375])
(44, [331, 59.0])
(45, [327, 61.6875])
(46, [313, 64.25])
(47, [306, 66.8125])
(48, [278, 69.5625])
(49, [254, 72.125])
(50, [256, 74.3125])
(51, [283, 76.5625])
(52, [277, 78.75])
(53, [253, 81.3125])
(54, [188, 84.0625])
(55, [187, 86.625])
(56, [63, 99.6875])
(57, [53, 112.0])
(58, [182, 117.625])
(59, [199, 119.875])
(60, [205, 122.4375])
(61, [184, 124.625])
(62, [167, 127.375])
(63, [187, 129.9375])
(64, [122, 132.6875])
(65, [101, 135.25])
(66, [48, 145.875])
(67, [81, 158.25])
(68, [45, 171.3125])
(69, [42, 183.0625])
(70, [92, 189.875])
(71, [85, 192.8125])
(72, [85, 195.5])
(73, [105, 199.5625])
(74, [88, 202.375])
(75, [61, 213.375])
(76, [61, 220.8125])
(77, [66, 223.9375])
(78, [62, 227.5625])
(79, [81, 240.5625])
(80, [106, 246.6875])
(81, [111, 249.4375])
(82, [120, 251.9375])
(83, [120, 254.5])
(84, [124, 257.0])
(85, [134, 259.75])
(86, [158, 262.25])
(87, [278, 265.375])
(88, [228, 268.4375])
(89, [74, 274.4375])
(90, [76, 276.875])
(91, [251, 282.0])
(92, [87, 289.1875])
(93, [63, 291.9375])
(94, [63, 294.6875])
(95, [63, 297.25])
(96, [64, 299.9375])
(97, [64, 302.5])


Distance Min :[42, 183.0625]
Angle    Min :[283, 0.625]


Samples : 82  Zero Index : 22
(0, [74, 272.8125])
(1, [78, 275.375])
(2, [81, 277.9375])
(3, [138, 289.0625])
(4, [67, 291.75])
(5, [63, 294.3125])
(6, [61, 297.0625])
(7, [66, 299.625])
(8, [64, 302.1875])
(9, [67, 304.75])
(10, [112, 317.4375])
(11, [88, 328.625])
(12, [175, 334.0625])
(13, [188, 336.75])
(14, [343, 339.3125])
(15, [330, 341.8125])
(16, [327, 344.875])
(17, [334, 347.625])
(18, [320, 350.125])
(19, [316, 352.875])
(20, [313, 355.375])
(21, [288, 357.9375])
(22, [283, 0.5])
(23, [284, 3.0625])
(24, [280, 5.25])
(25, [283, 7.5])
(26, [283, 10.1875])
(27, [282, 12.75])
(28, [284, 15.3125])
(29, [286, 17.5625])
(30, [288, 19.75])
(31, [192, 23.6875])
(32, [158, 26.375])
(33, [153, 28.9375])
(34, [143, 31.1875])
(35, [139, 33.375])
(36, [138, 35.625])
(37, [319, 38.6875])
(38, [403, 41.4375])
(39, [396, 44.0])
(40, [429, 46.5])
(41, [451, 49.25])
(42, [463, 51.8125])
(43, [438, 54.375])
(44, [338, 56.9375])
(45, [330, 59.125])
(46, [322, 61.375])
(47, [317, 63.9375])
(48, [305, 66.8125])
(49, [284, 69.4375])
(50, [253, 71.8125])
(51, [248, 74.375])
(52, [279, 77.125])
(53, [277, 79.75])
(54, [264, 82.3125])
(55, [186, 84.875])
(56, [184, 87.4375])
(57, [49, 100.1875])
(58, [169, 115.375])
(59, [188, 117.9375])
(60, [197, 120.125])
(61, [199, 122.3125])
(62, [182, 124.5])
(63, [168, 127.25])
(64, [185, 129.75])
(65, [122, 132.8125])
(66, [103, 135.4375])
(67, [51, 146.6875])
(68, [80, 159.5])
(69, [50, 172.375])
(70, [38, 184.0625])
(71, [103, 187.0625])
(72, [83, 190.0])
(73, [85, 193.0])
(74, [88, 195.625])
(75, [104, 199.9375])
(76, [88, 204.875])
(77, [60, 214.125])
(78, [53, 217.8125])
(79, [58, 220.3125])
(80, [64, 223.4375])
(81, [63, 226.875])


Distance Min :[38, 184.0625]
Angle    Min :[283, 0.5]


Samples : 101  Zero Index : 21
(0, [87, 287.6875])
(1, [73, 290.375])
(2, [61, 293.125])
(3, [62, 295.6875])
(4, [62, 298.4375])
(5, [66, 301.0])
(6, [63, 303.6875])
(7, [66, 306.25])
(8, [108, 318.6875])
(9, [85, 328.4375])
(10, [177, 333.75])
(11, [179, 336.4375])
(12, [348, 339.0])
(13, [329, 341.5625])
(14, [336, 344.625])
(15, [334, 347.375])
(16, [321, 349.5625])
(17, [318, 351.8125])
(18, [316, 354.375])
(19, [302, 356.875])
(20, [283, 359.125])
(21, [285, 1.5])
(22, [280, 3.75])
(23, [283, 5.9375])
(24, [283, 8.125])
(25, [279, 10.375])
(26, [283, 12.9375])
(27, [285, 15.125])
(28, [286, 17.375])
(29, [287, 19.5625])
(30, [197, 23.0])
(31, [158, 25.75])
(32, [155, 28.25])
(33, [149, 30.5])
(34, [138, 32.5625])
(35, [136, 34.75])
(36, [280, 38.875])
(37, [399, 41.4375])
(38, [396, 44.6875])
(39, [432, 47.25])
(40, [451, 49.8125])
(41, [463, 52.375])
(42, [406, 55.3125])
(43, [333, 57.875])
(44, [327, 60.125])
(45, [321, 62.6875])
(46, [310, 65.3125])
(47, [302, 67.875])
(48, [256, 69.875])
(49, [251, 72.125])
(50, [256, 74.3125])
(51, [282, 76.5625])
(52, [278, 78.75])
(53, [252, 81.5])
(54, [186, 84.0625])
(55, [184, 86.625])
(56, [63, 99.6875])
(57, [51, 112.1875])
(58, [184, 117.8125])
(59, [198, 120.375])
(60, [192, 122.5625])
(61, [183, 124.8125])
(62, [167, 127.375])
(63, [185, 130.0625])
(64, [122, 132.8125])
(65, [102, 135.4375])
(66, [52, 145.75])
(67, [81, 158.625])
(68, [53, 171.6875])
(69, [43, 183.25])
(70, [93, 190.1875])
(71, [87, 193.1875])
(72, [89, 195.625])
(73, [107, 199.75])
(74, [87, 202.75])
(75, [59, 213.375])
(76, [64, 216.9375])
(77, [60, 220.125])
(78, [52, 222.5625])
(79, [63, 226.0])
(80, [77, 229.9375])
(81, [88, 242.625])
(82, [111, 245.1875])
(83, [112, 247.9375])
(84, [117, 250.5])
(85, [116, 253.0625])
(86, [122, 255.8125])
(87, [127, 258.3125])
(88, [139, 260.875])
(89, [199, 263.4375])
(90, [252, 266.375])
(91, [146, 271.1875])
(92, [73, 273.75])
(93, [77, 276.375])
(94, [84, 278.9375])
(95, [120, 289.5625])
(96, [63, 292.25])
(97, [63, 294.5])
(98, [61, 297.25])
(99, [64, 299.8125])
(100, [66, 302.3125])


Distance Min :[43, 183.25]
Angle    Min :[285, 1.5]


